mnist_model_6/dense_14/kernel:0
(784, 128)
[[-0.06439623 -0.00655501 -0.05666336 ...  0.01893023  0.05162565
   0.07562525]
 [-0.08035893 -0.02004181  0.06322358 ... -0.04114701  0.03249606
   0.06490054]
 [-0.02738963  0.06466801  0.03768561 ...  0.0663086  -0.00101534
   0.06160369]
 ...
 [ 0.05845452  0.04644071 -0.07562646 ...  0.02965418  0.06278127
   0.02769534]
 [-0.02306591 -0.06317312 -0.00940837 ... -0.04804369  0.01872817
  -0.01278219]
 [ 0.04938687  0.01792137  0.05069431 ...  0.03058031 -0.03789404
  -0.05128602]]
mnist_model_6/dense_14/bias:0
(128,)
[ 0.13196866  0.1309634   0.01222626 -0.0611447  -0.0848511  -0.01091997
  0.09786899 -0.01125262  0.12842    -0.00436823 -0.07919588 -0.07865554
 -0.00369067 -0.06365662  0.14821474  0.12116742  0.05830441  0.11240695
 -0.0508578  -0.10045236  0.11986364 -0.049864    0.02392846  0.10953154
  0.12016777  0.11542565  0.08052462 -0.03363804 -0.11039766 -0.07411612
  0.09300118  0.08338201 -0.02382812  0.00329978  0.0360889  -0.04111659
 -0.02589777  0.07099895  0.04760795  0.14520696  0.00484115  0.02763877
  0.06598946  0.00515853 -0.15143436  0.15896045  0.13210654 -0.08546931
  0.040657    0.15532884 -0.04630676 -0.00947574 -0.1034782  -0.07556796
 -0.05217976  0.04918079 -0.08662791 -0.07839028 -0.0411771  -0.03149771
 -0.08685055 -0.14082246  0.11010385  0.06488281 -0.0825308   0.26820514
 -0.03274903  0.16030976 -0.06654678  0.00035624 -0.07036992 -0.02754729
 -0.06325761  0.01457512 -0.10438605 -0.01273846  0.09721218 -0.03405781
 -0.03345588  0.09751534  0.09917619 -0.073023    0.08887511 -0.00389909
  0.05339738 -0.13068832 -0.15734242 -0.13145442 -0.04980641  0.0865728
  0.00427553  0.10184024  0.09755346 -0.05353586  0.02072108 -0.12795225
  0.0716383   0.15274401 -0.02086104  0.1365195   0.13918982  0.03563222
  0.17833929 -0.02610546  0.07728015  0.01958647  0.19625826 -0.01500091
  0.21136102  0.03527885  0.0686133   0.03245771 -0.08497604 -0.09711501
 -0.10258842  0.06131207  0.06232585 -0.17478941  0.04408599  0.05767031
  0.01276364  0.00694158  0.23495352  0.01161345  0.04854278 -0.04821293
  0.02221534  0.13972259]
mnist_model_6/dense_15/kernel:0
(128, 10)
[[-0.2957349   0.14481954 -0.3830543  ... -0.17781432  0.15326242
   0.237259  ]
 [ 0.0814754   0.14954606 -0.09200913 ... -0.09175413  0.15532017
  -0.22594427]
 [ 0.25412348 -0.6075765   0.07900142 ...  0.19109073 -0.3875012
   0.16590852]
 ...
 [-0.13009872  0.09888843 -0.32165843 ...  0.33424568  0.01124469
  -0.15806305]
 [ 0.23861498  0.25263315  0.24697948 ... -0.260248    0.04068931
  -0.06811789]
 [-0.496241    0.03737054  0.5630756  ...  0.3235937   0.41888335
  -0.388426  ]]
mnist_model_6/dense_15/bias:0
(10,)
[-0.06122513 -0.06549029 -0.0249162  -0.1187213   0.0479408   0.06254829
  0.00840218 -0.03078803  0.17681767 -0.05444228]
